756 667
5 350 186 342 213 323 242
5 353 149 347 218 342 264
5 356 204 349 242 347 267
5 340 259 345 277 351 284
5 355 206 353 257 367 293
5 366 229 364 258 366 287
5 365 232 366 273 373 292
5 207 121 189 170 199 241
5 214 201 208 222 201 242
5 235 88 217 153 228 227
5 228 135 226 190 229 226
5 245 98 234 176 251 221
5 227 185 234 207 250 220
5 262 97 249 131 235 155
5 263 98 259 126 267 152
5 274 86 270 114 267 151
5 267 131 277 158 290 170
5 285 126 284 146 289 165
5 316 86 316 138 307 162
5 309 133 304 159 310 172
5 284 127 290 161 306 177
5 386 128 401 181 429 230
5 430 229 468 282 512 343
5 513 343 536 401 522 470
5 519 372 527 415 520 469
5 524 433 513 461 496 482
5 491 399 498 429 497 479
5 374 294 389 309 398 326
5 478 388 488 415 497 443
5 476 389 478 457 463 506
5 466 449 465 474 464 504
5 468 436 463 468 452 500
5 250 158 244 173 246 182
5 229 165 236 174 239 182
5 349 176 344 186 333 192
5 265 164 267 178 261 185
5 318 166 314 176 317 189
5 337 169 336 183 331 192
5 290 190 285 200 288 206
5 291 189 290 200 288 205
5 307 252 304 272 316 292
5 259 246 262 269 249 286
5 224 65 207 91 184 138
5 242 52 208 100 185 138
5 194 139 168 190 172 250
5 171 250 183 276 173 310
5 189 119 152 186 168 261
5 167 262 158 287 151 310
5 166 288 157 296 152 314
5 162 290 157 312 167 325
5 171 294 164 310 174 326
5 191 149 182 192 167 222
5 155 240 94 303 43 372
5 43 372 28 424 31 482
5 84 335 49 400 28 465
5 91 323 61 402 59 493
5 75 418 64 476 69 496
5 92 369 68 466 75 517
5 90 436 80 476 76 517
5 85 445 86 491 109 521
5 110 488 111 505 113 521
5 148 336 142 347 139 362
5 137 363 121 390 108 419
5 107 421 115 439 110 459
5 110 463 117 489 141 566
5 202 526 196 580 237 642
5 273 601 263 627 241 647
5 191 354 175 387 198 429
5 368 365 379 388 379 413
5 274 396 277 417 268 438
5 409 338 427 365 430 396
5 430 396 443 430 451 486
5 303 351 289 407 291 472
5 289 472 288 490 286 511
5 287 512 292 521 299 532
5 293 447 306 493 300 520
5 288 493 291 512 301 519
5 304 350 355 389 411 449
5 366 408 386 441 398 479
5 451 485 452 510 448 533
5 139 567 188 617 232 649
5 182 408 186 430 180 442
5 181 442 219 471 268 514
5 205 493 193 510 174 531
5 206 522 215 541 223 559
5 221 553 225 575 240 605
5 237 543 238 567 243 581
5 243 581 245 595 241 606
5 238 551 256 574 279 603
5 258 548 269 570 279 583
5 279 583 284 592 282 601
5 260 550 285 563 311 588
5 278 538 293 554 312 577
5 307 568 313 578 311 588
5 324 536 326 541 322 548
5 197 425 194 441 197 454
5 157 588 140 624 126 660
5 373 540 390 565 443 624
5 126 657 117 671 109 684
5 321 613 328 659 348 707
5 285 651 287 694 292 727
5 265 679 264 710 264 734
5 136 672 124 688 117 704
5 116 702 115 719 109 735
5 113 674 109 688 117 701
5 147 693 141 701 133 720
5 178 700 169 717 166 735
5 211 711 209 725 206 737
5 380 614 390 639 402 661
5 394 570 410 600 424 625
5 413 635 418 651 431 668
5 353 659 363 685 372 705
5 149 385 167 415 182 431
5 436 455 432 479 418 498
5 141 317 140 325 150 335
5 143 316 151 327 155 338
5 184 324 182 332 178 341
5 187 338 187 345 189 356
5 208 343 205 350 205 359
5 221 349 223 358 222 366
5 228 353 227 361 225 369
5 351 353 348 362 352 371
5 358 351 355 358 352 370
5 374 333 373 341 375 351
5 386 329 388 338 385 346
5 391 327 391 335 390 345
5 404 324 403 333 400 341
5 407 662 415 672 425 685
5 437 665 444 679 451 691
5 459 630 462 641 473 654
5 339 703 345 718 354 737
5 498 653 496 672 481 689
5 484 630 489 642 494 654
5 609 712 615 721 617 737
5 245 153 242 161 245 176
5 322 93 328 115 352 137
5 324 93 333 99 344 112
5 341 69 337 83 341 107
5 342 69 350 79 355 95
5 373 70 362 81 355 94
5 372 69 375 87 373 110
5 372 116 379 106 396 100
5 398 99 388 116 379 132
5 380 132 389 142 372 151
5 235 248 226 265 231 284
5 203 312 205 329 196 339
5 415 323 413 330 407 340
5 360 326 355 338 359 349
4 222 63 256 39 290 33
4 292 35 333 40 366 77
4 279 43 255 59 233 88
4 235 165 251 156 271 163
4 229 163 250 149 272 162
4 312 164 334 159 348 174
4 312 165 331 163 344 176
4 245 176 254 181 265 179
4 314 183 326 189 336 183
4 271 219 286 226 301 222
4 234 89 283 66 335 73
4 250 61 288 49 329 58
4 301 45 325 53 339 74
4 234 210 254 237 283 256
4 283 256 301 250 322 241
4 185 286 213 280 248 283
4 328 541 376 540 437 521
4 246 283 270 319 305 347
4 252 286 285 324 329 359
4 319 290 293 313 263 332
4 324 292 298 320 277 330
4 254 335 282 337 302 349
4 196 428 224 445 287 444
4 194 446 231 460 286 459
4 231 481 252 493 270 514
4 269 518 279 529 295 535
4 295 535 309 537 325 542
4 280 540 298 548 322 545
4 149 324 165 326 181 326
4 182 328 194 334 206 344
4 186 347 194 338 206 343
4 206 343 212 348 222 349
4 220 345 228 357 239 360
4 237 354 270 355 297 360
4 236 353 243 360 260 362
4 255 360 272 364 288 366
4 238 361 249 369 286 379
4 285 377 274 386 253 384
4 253 387 267 392 290 392
4 253 336 262 342 285 346
4 282 342 287 349 301 359
4 318 290 340 296 367 290
4 254 339 243 346 234 358
4 262 341 253 346 249 352
4 127 658 136 675 148 689
4 145 690 157 686 171 704
4 180 699 191 714 209 713
4 223 710 234 722 260 718
4 262 715 274 717 289 708
4 286 697 310 677 333 674
4 292 726 319 704 347 707
4 340 696 366 686 399 660
4 350 726 363 712 378 717
4 378 717 397 698 423 684
4 484 651 560 679 610 712
4 451 677 467 701 504 728
4 442 622 464 633 485 632
4 331 359 354 353 376 351
4 357 346 383 330 405 323
4 387 327 405 319 418 324
4 147 446 166 434 180 440
4 390 426 405 424 422 441
4 236 141 257 128 277 134
4 316 138 334 138 357 154
4 350 135 359 145 375 151
4 234 247 248 253 260 262
4 236 253 248 260 257 265
4 246 267 231 273 224 276
4 257 269 244 274 231 280
4 262 261 282 268 303 265
4 262 266 281 276 301 272
4 245 172 255 167 266 171
4 316 175 326 171 335 177
4 250 164 258 174 262 163
4 319 162 326 180 334 163
4 267 156 257 174 247 158
5 269 157 269 170 265 178
5 236 252 232 262 232 272
5 136 708 147 720 155 733
5 392 190 390 250 400 303
4 417 675 436 666 453 677
4 475 658 463 672 451 678
4 419 700 449 690 463 696
5 466 677 472 683 481 693
5 408 702 415 717 441 737
5 218 214 213 243 203 277
5 229 198 234 228 230 246
5 333 232 322 264 326 292
5 314 98 320 128 331 149
5 331 122 331 133 330 149
5 331 121 338 145 356 159
4 212 517 190 537 177 533
4 204 492 216 488 241 501